144 2
70 2
140 9
39 12
56 2
118 17
135 9
65 5
28 4
121 7
1 8
183 9
20 24
34 26
92 21
138 1
42 3
146 3
60 1
110 9
69 8
168 7
49 6
95 4
180 4
158 8
156 7
24 19
62 5
190 3
149 5
182 4
186 27
3 17
188 2
122 2
32 5
145 17
163 10
193 3
126 6
172 29
109 25
106 1
75 6
179 37
74 31
125 92
185 1
25 6
35 1
143 13
58 6
127 12
7 7
165 4
33 5
159 19
164 2
86 13
101 1
91 31
99 4
195 1
171 6
31 7
134 5
175 19
196 3
22 19
2 12
13 61
176 39
128 39
152 5
66 29
87 10
129 29
11 5
40 8
142 6
38 44
78 2
93 3
76 3
184 137
153 8
14 17
155 1
154 11
113 1
36 7
112 146
114 5
16 23
167 22
178 1
119 13
199 2
166 4
189 23
194 27
4 33
77 12
200 2
104 6
111 6
30 3
181 3
48 4
169 230
120 13
83 7
26 13
136 8
161 22
89 231
115 5
63 237
84 2
117 12
103 3
88 13
139 16
85 21
82 2
47 4
147 18
52 3
197 274
97 4
177 11
64 9
27 8
19 7
23 2
55 5
90 15
160 2
81 283
71 244
21 4
6 4
53 8
41 89
157 2
150 6
29 10
96 11
15 28
187 3
43 1
72 9
80 8
17 3
59 6
191 2
170 10
116 2
105 10
98 7
124 1
100 5
10 5
174 2
51 5
148 11
132 1
107 3
198 20
141 1
18 1
162 7
130 2
131 13
133 8
37 2
137 6
12 2
94 7
173 1
79 16
57 1
50 6
102 4
45 13
67 8
73 10
46 19
5 2
44 1
8 8
68 10
151 2
54 4
192 31
61 6
108 10
9 11
123 56
